95
121 131 1
0 1000000000000000000 1
352 116029 3
121 121 11
9046 160519 7
981 265444 4
2519 171840 3
886 56750 8
3748 207521 4
3376 156586 6
8892 186601 5
4401 792858 5
5811 811662 1
5272 393026 2
4131 988357 1
4766 385349 3
4945 279540 7
2965 769993 4
2684 313879 3
1209 371972 7
1516 476245 5
400 793131 4
3568 887100 8
6153 882984 8
8621 305784 1
2035 587687 6
3901 458931 4
5649 246089 1
7243 39232 6
100000 1000000000000000000 3
4609 64949 8
0 1000000000000000000 1000000000
9929 160753 4
7668 468727 8
2871 611476 1
39 1000000 3
1616 875376 6
22322 22322 1
7075 952308 3
1363 123520 8
9352 507517 9
10 22322 2
5759 165757 6
999 99999 78788
7977 626769 9
21345 4441283 13
2433 588437 7
7800 282033 2
8429 327368 2
5579 763362 2
646 753992 3
2590 45700 5
3825 934105 6
0 100 2
1329 665400 3
8439 865622 9
2789 205886 5
2228 961000 6
6311 744038 5
5992 237133 9
1056 45030 4
9325 343906 8
3263 62970 1
6916 519450 6
701 837097 8
9705 834597 8
34432 9999920 222
5630 555906 6
8324 696474 7
8764 690922 4
4370 274443 1
7998 968182 1
1033 109791 2
8989 909410 5
121 132 1
3491 376189 1
6760 325542 7
9628 221919 9
8129 512819 4
1002 914907 8
5541 34105 7
490 499674 1
3976 759716 7
2428 914457 2
1396 974496 5
1000000000 1000000000000000000 1
8135 346033 4
938 717057 3
7597 115191 5
6673 645665 9
9385 146808 1
0 132 1
9523 81976 5
1108 708286 6
1813 539974 3
