100
4131 988357 1
3901 458931 4
2035 587687 6
1813 539974 3
121 121 11
9705 834597 8
5811 811662 1
3568 887100 8
400 793131 4
21345 4441283 13
873 84000 1
7243 39232 6
3825 934105 6
1516 476245 5
8483 164651 3
1396 974496 5
7597 115191 5
4370 274443 1
8621 305784 1
4766 385349 3
2789 205886 5
1000000000 1000000000000000000 1
4153 196591 1
1056 45030 4
2428 914457 2
1108 708286 6
121 131 1
1616 875376 6
8324 696474 7
2519 171840 3
2228 961000 6
5759 165757 6
0 1000000000000000000 1000000000
9385 146808 1
9352 507517 9
352 116029 3
5630 555906 6
6153 882984 8
5272 393026 2
22322 22322 1
646 753992 3
8135 346033 4
10 22322 2
8764 690922 4
2965 769993 4
5579 763362 2
39 1000000 3
9325 343906 8
999 99999 78788
1209 371972 7
0 1000000000000000000 1
7668 468727 8
1033 109791 2
6673 645665 9
3376 156586 6
2871 611476 1
3491 376189 1
981 265444 4
0 100 2
1363 123520 8
4609 64949 8
9628 221919 9
938 717057 3
2433 588437 7
2739 884729 5
2684 313879 3
9929 160753 4
9046 160519 7
8989 909410 5
3748 207521 4
7998 968182 1
34432 9999920 222
7977 626769 9
5649 246089 1
4401 792858 5
7800 282033 2
9332 549970 6
6760 325542 7
3976 759716 7
121 132 1
490 499674 1
4945 279540 7
5992 237133 9
701 837097 8
6916 519450 6
8129 512819 4
886 56750 8
3263 62970 1
1329 665400 3
8892 186601 5
100000 1000000000000000000 3
9523 81976 5
5541 34105 7
1002 914907 8
8439 865622 9
8429 327368 2
0 132 1
6311 744038 5
7075 952308 3
2590 45700 5
